6.990538835525512695e-01
7.470480799674987793e-01
7.532284259796142578e-01
7.559288740158081055e-01
7.573449611663818359e-01
7.584961652755737305e-01
7.593153119087219238e-01
7.599791884422302246e-01
7.605615258216857910e-01
7.611386179924011230e-01
7.617109417915344238e-01
7.622857689857482910e-01
7.628606557846069336e-01
7.634001374244689941e-01
7.638813257217407227e-01
7.643765211105346680e-01
7.648246884346008301e-01
7.652639150619506836e-01
7.656727433204650879e-01
7.660751938819885254e-01
7.664633989334106445e-01
7.668236494064331055e-01
7.671977877616882324e-01
7.675623297691345215e-01
7.679027915000915527e-01
7.682252526283264160e-01
7.685517072677612305e-01
7.688927650451660156e-01
7.691942453384399414e-01
7.694931030273437500e-01
7.697939276695251465e-01
7.700754404067993164e-01
7.703469395637512207e-01
7.706120610237121582e-01
7.708824872970581055e-01
7.711200118064880371e-01
7.713936567306518555e-01
7.716461420059204102e-01
7.718914747238159180e-01
7.721359133720397949e-01
7.723703384399414062e-01
7.725963592529296875e-01
7.728198766708374023e-01
7.730332612991333008e-01
7.732493877410888672e-01
7.734662890434265137e-01
7.736557722091674805e-01
7.738600969314575195e-01
7.740581631660461426e-01
7.742524743080139160e-01
7.744293212890625000e-01
7.746129631996154785e-01
7.747968435287475586e-01
7.749672532081604004e-01
7.751398682594299316e-01
7.753072977066040039e-01
7.754623293876647949e-01
7.756215333938598633e-01
7.757776379585266113e-01
7.759393453598022461e-01
7.760821580886840820e-01
7.762200236320495605e-01
7.763614058494567871e-01
7.765026092529296875e-01
7.766414284706115723e-01
7.767738699913024902e-01
7.768954634666442871e-01
7.770205140113830566e-01
7.771462798118591309e-01
7.772684693336486816e-01
7.773867845535278320e-01
7.774960994720458984e-01
7.776119112968444824e-01
7.777293920516967773e-01
7.778304815292358398e-01
7.779384851455688477e-01
7.780418395996093750e-01
7.781456708908081055e-01
7.782372832298278809e-01
7.783393859863281250e-01
7.784401774406433105e-01
7.785258889198303223e-01
7.786175012588500977e-01
7.787100076675415039e-01
7.787981629371643066e-01
7.788829803466796875e-01
7.789738178253173828e-01
7.790575623512268066e-01
7.791388630867004395e-01
7.792214155197143555e-01
7.793022990226745605e-01
7.793837785720825195e-01
7.794627547264099121e-01
7.795347571372985840e-01
7.796176075935363770e-01
7.796896696090698242e-01
7.797626256942749023e-01
7.798331975936889648e-01
7.799083590507507324e-01
7.799746990203857422e-01
