5.738875269889831543e-01
6.141572594642639160e-01
6.284556984901428223e-01
6.389713883399963379e-01
6.477330923080444336e-01
6.552361249923706055e-01
6.608788967132568359e-01
6.657728552818298340e-01
6.684046983718872070e-01
6.716406345367431641e-01
6.743178963661193848e-01
6.767271757125854492e-01
6.786975264549255371e-01
6.804531812667846680e-01
6.820424199104309082e-01
6.834867000579833984e-01
6.847118735313415527e-01
6.859741210937500000e-01
6.870400309562683105e-01
6.882088184356689453e-01
6.889173984527587891e-01
6.898932456970214844e-01
6.905717253684997559e-01
6.914885640144348145e-01
6.923092603683471680e-01
6.931850314140319824e-01
6.937728524208068848e-01
6.943536400794982910e-01
6.950284242630004883e-01
6.957034468650817871e-01
6.963971853256225586e-01
6.971486806869506836e-01
6.977723836898803711e-01
6.984120607376098633e-01
6.989874839782714844e-01
6.996057033538818359e-01
7.002207040786743164e-01
7.007244229316711426e-01
7.012942433357238770e-01
7.018337845802307129e-01
7.023354768753051758e-01
7.028717398643493652e-01
7.034395337104797363e-01
7.039318084716796875e-01
7.044302225112915039e-01
7.049187421798706055e-01
7.053686380386352539e-01
7.058079242706298828e-01
7.062294483184814453e-01
7.066414356231689453e-01
7.070354223251342773e-01
7.074739336967468262e-01
7.079102396965026855e-01
7.082319259643554688e-01
7.086284160614013672e-01
7.089765071868896484e-01
7.093731760978698730e-01
7.097578048706054688e-01
7.100684642791748047e-01
7.104580402374267578e-01
7.108401060104370117e-01
7.112044095993041992e-01
7.115463614463806152e-01
7.119199037551879883e-01
7.122482061386108398e-01
7.125747203826904297e-01
7.129369378089904785e-01
7.132720947265625000e-01
7.136206626892089844e-01
7.139370441436767578e-01
7.142565250396728516e-01
7.145549654960632324e-01
7.148482799530029297e-01
7.151809334754943848e-01
7.154867053031921387e-01
7.157557606697082520e-01
7.160366773605346680e-01
7.162753343582153320e-01
7.165598273277282715e-01
7.168703675270080566e-01
7.171382904052734375e-01
7.174443602561950684e-01
7.177374958992004395e-01
7.180321216583251953e-01
7.183185219764709473e-01
7.186079621315002441e-01
7.188832759857177734e-01
7.191458940505981445e-01
7.194308638572692871e-01
7.197151780128479004e-01
7.199977636337280273e-01
7.202874422073364258e-01
7.205641269683837891e-01
7.208382487297058105e-01
7.211182713508605957e-01
7.213585376739501953e-01
7.216303348541259766e-01
7.218290567398071289e-01
7.220351696014404297e-01
7.222754955291748047e-01
7.225247621536254883e-01
7.227587699890136719e-01
7.230064868927001953e-01
7.231843471527099609e-01
7.233836054801940918e-01
7.236146926879882812e-01
7.238610386848449707e-01
7.241023182868957520e-01
7.243305444717407227e-01
7.245666384696960449e-01
7.247967123985290527e-01
7.250224351882934570e-01
7.252438068389892578e-01
7.254617810249328613e-01
7.256588339805603027e-01
7.258646488189697266e-01
7.259683609008789062e-01
7.261735796928405762e-01
7.263796329498291016e-01
7.265861034393310547e-01
7.267547249794006348e-01
7.269516587257385254e-01
7.271563410758972168e-01
7.273543477058410645e-01
7.275644540786743164e-01
7.277635931968688965e-01
7.279431819915771484e-01
7.281367778778076172e-01
7.283141613006591797e-01
7.284844517707824707e-01
7.286395430564880371e-01
7.288092970848083496e-01
7.289965748786926270e-01
7.291761040687561035e-01
7.293459177017211914e-01
7.295222878456115723e-01
7.297082543373107910e-01
7.298796772956848145e-01
7.300622463226318359e-01
7.302306294441223145e-01
7.303938269615173340e-01
7.305538654327392578e-01
7.307047247886657715e-01
7.308737635612487793e-01
7.310202121734619141e-01
7.311307787895202637e-01
