5.164183234080437224e-01
4.824077802954304106e-01
4.800308117171889211e-01
4.783852565547501712e-01
4.779048192146378993e-01
4.763634325689399818e-01
4.752072384276891936e-01
4.733476586266615049e-01
4.717467897675367006e-01
4.692948899597962908e-01
4.671977685917181322e-01
4.648761728919681424e-01
4.628845421632338253e-01
4.617213738775747256e-01
4.594800974012769879e-01
4.580239853941483474e-01
4.565639481536321043e-01
4.554695404962015304e-01
4.540701345792362842e-01
4.524570863769822315e-01
4.516433657560258719e-01
4.503032467956086249e-01
4.491049647613161722e-01
4.480067448290033227e-01
4.472034134777744252e-01
4.455787511545944435e-01
4.448146943839051404e-01
4.437472548239985715e-01
4.432177769223366037e-01
4.419914768584898845e-01
4.406864987405028078e-01
4.402881959424859160e-01
4.393371086140163140e-01
4.382562910190118122e-01
4.376439283946199632e-01
4.366481821765240134e-01
4.357423325034384676e-01
4.352761951184563882e-01
4.345549570860025579e-01
4.336414485013824760e-01
4.331979053870948504e-01
4.324343759184263725e-01
4.316721572488016467e-01
4.311820042842997025e-01
4.307512883913701685e-01
4.303225156765960180e-01
4.301401432359936994e-01
4.293836010072966669e-01
4.288068376426871775e-01
4.283751339087542576e-01
4.278432769234006283e-01
4.278486431990403127e-01
4.271952831323537758e-01
4.269933352801397186e-01
4.262168759959061304e-01
4.257230930756736864e-01
4.257997007306934534e-01
4.256191617517611769e-01
4.252258217944649421e-01
4.249091906298581023e-01
4.247363494603213496e-01
4.245219787419330371e-01
4.247257081227904796e-01
4.236114873580873463e-01
4.233785916329057541e-01
4.234691466525674075e-01
4.233968924431433800e-01
4.230152948781614741e-01
4.227319538402736221e-01
4.227892933385701824e-01
4.221590682628309499e-01
4.222555731365544296e-01
4.219808786058073524e-01
4.219960219316676309e-01
4.214774137427370060e-01
4.212820789068869032e-01
4.215925375755724125e-01
4.209790429757429564e-01
4.210760254363977162e-01
4.205410476424749633e-01
4.202195244039142463e-01
4.204319960475138562e-01
4.200798017724352573e-01
4.200551875964982917e-01
4.198823905187014649e-01
4.196421037814526689e-01
4.196996238984070371e-01
4.197112231023779061e-01
4.195076734617903536e-01
4.193620319638863281e-01
4.189450772566640779e-01
4.190109639394444252e-01
4.187144200411074269e-01
4.187862470982125496e-01
4.187799743535045582e-01
4.184651755502420412e-01
4.180749955409661656e-01
4.183182253468351597e-01
4.178397184886384341e-01
4.176508694566241631e-01
