1.397484669263250012e+01
3.428359946604015995e+00
1.807141104140938204e+00
1.461161372948377668e+00
1.364718207774974212e+00
1.324931987351664064e+00
1.296989384943437074e+00
1.296862703528033567e+00
1.277164529387652347e+00
1.265814885321349559e+00
1.261196589236133647e+00
1.250190081298063083e+00
1.239787434175056990e+00
1.237974854553458570e+00
1.233511926360328470e+00
1.229704605145211405e+00
1.226851318607243391e+00
1.224938675303960389e+00
1.219072603474761651e+00
1.217741388452100892e+00
1.219970878911370571e+00
1.211673582517183823e+00
1.221103610578878618e+00
1.211370459621641693e+00
1.205976677145060405e+00
1.205912840661052865e+00
1.210538171948097208e+00
1.207789871363724732e+00
1.204598185094478469e+00
1.200088975525350099e+00
1.196128541177650328e+00
1.194522146993604705e+00
1.193046870410746862e+00
1.194572713160741984e+00
1.197291911334857017e+00
1.191140051820531287e+00
1.188801787374033081e+00
1.193325100180819831e+00
1.187691680724211496e+00
1.185987852173209900e+00
1.187245264232463127e+00
1.185240876037530144e+00
1.183006367616241228e+00
1.181585590491356141e+00
1.179647966867453990e+00
1.182577356003444047e+00
1.179371428548952272e+00
1.178662168072527994e+00
1.182542090928944800e+00
1.180252511279718863e+00
1.176032902769350352e+00
1.178682505694266691e+00
1.172094737948378373e+00
1.178590647309314843e+00
1.174373297012407003e+00
1.170719154044716159e+00
1.168337910169725991e+00
1.167909817866175315e+00
1.172603768246095912e+00
1.163549589317257604e+00
1.166240784134461084e+00
1.165535243244695263e+00
1.162664214251960315e+00
1.161286659768200336e+00
1.165078079316879789e+00
1.163137215175873651e+00
1.159237649460191921e+00
1.158329833309519774e+00
1.157862408683701938e+00
1.157362085250740691e+00
1.159933130659791756e+00
1.156605965448107343e+00
1.156032887988122759e+00
1.155813152535550170e+00
1.155155672471902983e+00
1.157159994995539787e+00
1.158351756844496094e+00
1.158492318639898766e+00
1.153325968588144290e+00
1.151695657421781593e+00
1.150126571155453803e+00
1.149987672847404774e+00
1.148336579170432525e+00
1.149794514293483561e+00
1.146277219612712672e+00
1.145738549140948193e+00
1.147075546494078058e+00
1.149172146204113565e+00
1.144382504141967738e+00
1.142770343702021574e+00
1.142519413827285835e+00
1.141965962009458879e+00
1.141594570405146447e+00
1.140683980071072190e+00
1.142902951285977631e+00
1.146141476756942668e+00
1.142695357502865106e+00
1.151360194898082945e+00
1.149566348075471645e+00
1.141437929744401725e+00
1.139506675215522069e+00
1.137367734637745764e+00
1.137082056787820372e+00
1.150903075888182858e+00
1.136356330592894759e+00
1.134998185548017124e+00
1.131778297278124068e+00
1.132021286553102524e+00
1.131404365677972423e+00
1.129322731134361657e+00
1.133154061031249382e+00
1.130642012887329573e+00
1.128973687095152112e+00
1.130649235287747745e+00
1.132944856047580995e+00
1.133332237027129707e+00
1.140574949806096416e+00
1.130748357300007001e+00
1.127471470862458247e+00
1.127764176446550914e+00
1.132254274815687189e+00
1.125309728222844141e+00
1.126158933724475952e+00
1.127029421562945055e+00
1.123364827369823793e+00
1.125440639166060741e+00
1.128318774642544042e+00
1.126224440689360895e+00
1.131026590105875140e+00
1.128894407514412279e+00
1.130044637261759410e+00
1.121959620617878572e+00
1.122105768477286158e+00
1.127839415966682468e+00
1.122012159534950149e+00
1.120997232094174567e+00
1.120500076638616616e+00
1.121751620242352310e+00
1.121027062156881637e+00
1.118477302996299994e+00
1.126807373446862437e+00
1.118415609869306993e+00
1.118486117029236171e+00
1.119013840262196080e+00
1.120796926827279938e+00
1.127688113231551048e+00
